1.2768827155930749, 2.8404072930374054
1.2766917015331392, 2.737872777026743
1.2774557577728824, 2.983117957522461
1.2774080042578986, 2.823055349766876
1.2772647437129465, 2.737872777026743
1.27802879995269, 3.1329988379859395
1.277981046437706, 2.9648942000722136
1.277837785892754, 2.8754317969049126
1.2785540886175135, 3.372057292596906
1.2785540886175135, 3.2107399917859616
1.2785540886175135, 3.0759307662626143
1.279174884312305, 3.5414796631448913
1.279127130797321, 3.351457519110356
1.278983870252369, 3.2503309953492616
1.2797479264921126, 3.7194143266794577
1.2797001729771285, 3.5198448946526195
1.2795569124321766, 3.372057292596906
1.28032096867192, 3.906288966579444
1.2801299546119842, 3.7194143266794577
1.2801299546119842, 3.5851489525677733
1.2808940108517275, 4.1025527543318905
1.2808462573367436, 3.8824255915231514
1.2807029967917916, 3.765277693453995
1.281467053031535, 4.308677429159638
1.281419299516551, 4.077490411043299
1.2812760389715991, 3.9544566477964773
1.2820400952113424, 4.5251584318927325
1.2819923416963586, 4.282355877843721
1.2818490811514067, 4.153140525727553
1.28261313739115, 4.752516095808947
1.2825653838761661, 4.497514406124726
1.282422123331214, 4.36180688339367
1.2831861795709576, 4.991296897305744
1.2829951655110217, 4.752516095808947
1.2829951655110217, 4.58095727080834
1.283711468235781, 5.242074769409777
1.283711468235781, 4.991296897305744
1.2839979893256848, 5.505452481281101
1.2841412498706366, 5.242074769409777
1.2841412498706366, 5.052843597989158
1.2846187850204762, 5.782063087027837
1.2845710315054923, 5.471819875362945
1.2851918272002838, 6.072571447313683
1.2850008131403479, 5.782063087027837
1.2857648693800914, 6.377675827415589
1.2855738553201554, 6.072571447313683
1.286051390469995, 6.864314158980311
1.286146897499963, 6.377675827415589
1.2866244326498026, 7.209198090683888
1.2865766791348185, 6.822380317249343
1.2864334185898667, 6.616522537066983
1.2871497213146261, 7.5714100355862355
1.2871497213146261, 7.209198090683888
1.2870064607696743, 6.948956667256613
1.287483995919514, 7.951820605547795
1.2875795029494816, 7.3880846484277045
1.2880570380993213, 8.351344154605496
1.2880092845843374, 7.90324322709115
1.2878660240393855, 7.664771604092242
1.2886300802791288, 8.988580084385717
1.288582326764145, 8.45432293738741
1.288439066219193, 8.14913434253069
1.2892031224589364, 9.440193569453237
1.2891553689439523, 8.933669180555412
1.28972841112376, 9.914497483707597
1.28972841112376, 9.440193569453237
1.289585150578808, 9.099416498128448
1.2900626857286477, 10.412631863028349
1.2901581927586154, 9.674439280395374
1.290635727908455, 11.485241432526337
1.2905879743934712, 10.802589415998455
1.2904447138485193, 10.412631863028349
1.2911610165732788, 12.06229474478367
1.2911610165732788, 11.485241432526337
1.2910177560283267, 10.935794022150247
1.2914952911781663, 12.668340963036359
1.2915907982081343, 11.770232256592651
1.2920683333579739, 13.304836778685695
1.29202057984299, 12.590950535874322
1.291877319298038, 12.211032529669412
1.2925936220227974, 14.675373587933516
1.2925936220227974, 13.973312071720523
1.2925936220227974, 13.304836778685695
1.2924503614778455, 12.824551784682393
1.2932144177175888, 15.412708800891949
1.293166664202605, 14.585722272576083
1.2935009388074927, 16.58875084171144
1.2937397063824125, 15.602759882766316
1.2940262274723162, 17.42221992250164
1.2940262274723162, 16.58875084171144
1.294360502077204, 18.297565014045254
1.2944560091071717, 17.000378390020643
1.2949335442570113, 19.216890093942702
1.2948857907420275, 18.185785865015884
1.2947425301970756, 17.637049890919194
1.295506586436819, 20.683204090803287
1.295458832921835, 19.453849787387583
1.295315572376883, 18.75159448851427
1.2960318751016424, 21.72239090274888
1.2960318751016424, 20.683204090803287
1.2958886145566906, 19.93657091386462
1.2963661497065302, 22.813789607270724
1.29660491728145, 21.457799002150246
1.2969391918863378, 23.960023487973896
1.2967481778264018, 22.813789607270724
1.2972257129762415, 25.788254675943236
1.2973212200062094, 23.960023487973896
1.297798755156049, 27.755986114333474
1.297751001641065, 26.106244574028576
1.297607741096113, 25.163847630176356
1.2983717973358564, 29.150530914835908
1.2983240438208725, 27.586425820056633
1.2981807832759207, 26.428155543026044
1.29889708600068, 31.374815452416435
1.29889708600068, 29.87386214615529
1.29889708600068, 28.619549361682733
1.2992313606055677, 32.95118119837337
1.2994701281804875, 30.992651164486425
1.2998044027853752, 34.606748333380516
1.2996133887254393, 32.95118119837337
1.3003296914501987, 38.17160397409428
1.3003296914501987, 36.34549617508266
1.3003296914501987, 34.819459123449825
1.3006639660550865, 40.08946095923745
1.3009027336300063, 37.706650678224534
1.301237008234894, 42.10367688748289
1.30118925471991, 39.84455592254923
1.3017622968997176, 44.21909312395206
1.3017622968997176, 42.10367688748289
1.3016190363547657, 40.583796220189264
1.3020965715046053, 46.440794278612
1.3023353390795251, 43.68047774110605
1.3026696136844127, 48.77412042763313
1.3026218601694288, 46.15708918120005
1.3032426558642203, 52.49575150935256
1.3031949023492362, 49.67903188836418
1.3030516418042843, 47.59316014828136
1.303529176954124, 56.50135568555285
1.3037679445290438, 53.143066299831375
1.3041022191339315, 59.3401549077479
1.3040544656189477, 56.15619098999424
1.304627507798755, 63.86801031472308
1.304627507798755, 60.81260106804267
1.304627507798755, 58.259264555893964
1.3049617824036428, 67.07693257516613
1.3052005499785626, 63.09005919910774
1.3055348245834502, 70.44708080809251
1.3054870710684663, 66.66716207089426
1.3060601132482739, 75.8224323931773
1.3060601132482739, 72.19513040117349
1.305916852703322, 68.7413564710626
1.3063466343381775, 79.63198102242771
1.3066331554280812, 76.75738389928992
1.306967430032969, 85.70817169636663
1.3069196765179851, 80.61390732367823
1.3075404722127766, 92.2479963604691
1.3074927186977927, 86.76502231015529
1.3073494581528406, 83.63293291190813
1.3081135143925842, 96.88281506773264
1.3080657608776, 91.68445675697964
1.3079225003326482, 88.91797968188936
1.3086865565723915, 104.27530298303016
1.3086388030574077, 98.07745801184582
1.3084955425124558, 94.5370063613197
1.309259598752199, 109.5144099993255
1.3090685846922632, 104.27530298303016
1.3098326409320067, 117.87073151934901
1.3097848874170226, 110.86481065699576
1.3096416268720708, 106.86275442682289
1.3101191620219104, 126.864668759043
1.3102146690518783, 117.87073151934901
1.3106922042017177, 133.23873392309872
1.3106444506867339, 126.08965718209856
1.310501190141782, 122.28504123803656
1.3112174928665414, 139.93305142464968
1.3112174928665414, 133.23873392309872
1.3110742323215896, 128.42901204618107
1.3115517674714292, 146.96371171100537
1.311647274501397, 136.54487396389587
1.3121248096512366, 154.34761366227795
1.3120770561362527, 146.0659158228288
1.3119337955913009, 141.6585383690145
1.31265009831606, 166.12486092698322
1.31265009831606, 158.17754217259278
1.31265009831606, 151.53614735083002
1.312936619405964, 174.47147704379552
1.3132708940108517, 183.23745243177706
1.3130798799509158, 166.12486092698322
1.3135096615857713, 174.47147704379552
1.3137961826756752, 192.44385697072755
1.3137961826756752, 183.23745243177706
1.3141304572805628, 202.11281915501732
1.3142259643105307, 187.78424344832928
1.3147034994603704, 217.5347138644724
1.3146557459453865, 204.60503258987222
1.3145124854004346, 197.2190925377629
1.3152287881251938, 228.46431668596364
1.3152287881251938, 217.5347138644724
1.315085527580242, 209.682031379011
1.3155630627300816, 239.94305585315976
1.3156585697600496, 222.93254531028742
1.3161361049098892, 264.6596905357422
1.316088351394905, 248.9290267530716
1.3159450908499533, 239.94305585315976
1.3166613935747127, 277.956994901686
1.3166613935747127, 264.6596905357422
1.3165181330297608, 255.10586586308574
1.3169956681796005, 291.9223961094368
1.3170911752095684, 271.22686491740654
1.317520956844424, 306.589461367637
1.317520956844424, 291.9223961094368
1.317377696299472, 281.3844279556704
1.3178552314493117, 321.99344440314826
1.3180939990242315, 302.85501571430376
1.3184282736291193, 338.17137019683474
1.3183805201141352, 320.02639834096505
1.3190013158089267, 363.97499456233237
1.3189535622939428, 342.3412948736136
1.318810301748991, 329.983278800928
1.3192400833838465, 391.747523125746
1.3195743579887342, 373.00654468247944
1.3193833439287983, 359.5415582977525
1.319860879078638, 401.468211201607
1.3203861677434614, 432.10159956474564
1.3203861677434614, 411.43010508245754
1.3202429071985096, 396.5780848104865
1.3207204423483492, 453.8116925327854
1.320959209923269, 426.838339917481
1.3212934845281568, 476.61256631986333
1.3212457310131727, 451.03937366019477
1.3218187731929802, 500.5590250577228
1.3218187731929802, 476.61256631986333
1.3216755126480284, 459.40755528781926
1.322153047797868, 525.7086264036585
1.3223918153727878, 494.4619124334829
1.3226783364626915, 552.1218198859792
1.3226783364626915, 525.7086264036585
1.323251378642499, 555.5154432160617
1.3231081180975472, 532.1910361143331
1.3235856532473869, 608.9961198063567
1.323394639187451, 587.0122576504675
1.3238244208223064, 572.7990201035926
1.3241586954271942, 639.5939291907453
1.3241109419122103, 605.2757849977693
1.3247317376070018, 671.7290651830949
1.3245407235470659, 639.5939291907453
1.3249705051819216, 722.9842748221674
1.3253047797868094, 691.2150643266525
1.3251137657268734, 663.5469976178873
1.325543547361729, 740.9241575385234
1.3258778219666167, 778.1504310784288
1.3258300684516329, 722.9842748221674
1.3264508641464243, 817.2470653395607
1.3264031106314402, 773.3967388283389
1.3262598500864884, 750.060347649304
1.327023906326232, 879.6057927373076
1.3269761528112478, 827.324378220308
1.326832892266296, 797.4591877905477
1.3275969485060393, 946.7227028775667
1.3275491949910554, 890.4520388250174
1.3274059344461036, 858.3080329088812
1.3281222371708628, 994.2889185896336
1.3281222371708628, 946.7227028775667
1.327978976625911, 912.547408942148
1.3284565117757505, 1044.2450050318414
1.3285520188057185, 970.2143538663972
1.329029553955558, 1151.8131203778373
1.328981800440574, 1083.3524307259484
1.3288385398956222, 1044.2450050318414
1.3288385398956222, 1006.5492997539567
1.3295548426203816, 1209.6836997749033
1.3295548426203816, 1151.8131203778373
1.3294115820754298, 1110.234364710589
1.3298413637102853, 1270.461872340081
1.330175638315173, 1334.2937243596898
1.3301278848001892, 1224.600071636461
1.3299846242552373, 1166.0159015029976
1.3307486804949806, 1436.1048683266606
1.3307009269799965, 1350.7466379343666
1.3305576664350447, 1301.9866755468856
1.331321722674788, 1508.259126109163
1.3312739691598041, 1427.331756714527
1.3311307086148523, 1367.4024291514647
1.331608243764692, 1623.3444212164977
1.3318947648545956, 1747.2111153027379
1.3317037507946599, 1508.259126109163
1.3319902718845635, 1623.3444212164977
1.3319902718845635, 1564.7440807103833
1.332420053519419, 1834.996293108661
1.332420053519419, 1747.2111153027379
1.3322767929744672, 1684.1393697417548
1.332706574609323, 1927.1920641021632
1.3329930956992266, 2125.7129258216873
1.3329930956992266, 2024.02002984233
1.3328498351542748, 1834.996293108661
1.3328498351542748, 1768.7556320399249
1.3333273703041144, 2232.5151808687383
1.3331363562441785, 1927.1920641021632
1.3334228773340824, 2074.2433655571463
1.333900412483922, 2344.6835046565743
1.333852658968938, 2218.8768280649033
1.333709398423986, 2151.9246739657483
1.3341869335738257, 2523.5908213076577
1.3344734546637294, 2716.1493739945313
1.3342824406037936, 2344.6835046565743
1.3342824406037936, 2260.0438866209997
1.334759975753633, 2923.40079840205
1.3345689616936973, 2523.5908213076577
1.334855482783601, 2716.1493739945313
1.334855482783601, 2618.100385682936
1.3352852644184567, 3070.281307939808
1.3352852644184567, 2941.3695161656183
1.3355717855083604, 3386.5522714452113
1.3355717855083604, 3224.5415390996795
1.335858306598264, 3556.7029136281194
1.3357150460533123, 3070.281307939808
1.3361925812031519, 3735.4024393700843
1.336144827688168, 3428.3111816618893
1.3360015671432162, 3264.3027268293317
1.3364791022930556, 4020.4263352231396
1.3367178698679754, 3781.462952418728
1.3370043909578793, 4434.572135953282
1.3370043909578793, 4222.424730037624
1.3370043909578793, 4020.4263352231396
1.337338665562767, 4657.378470023791
1.3374341725927348, 4327.198522599224
1.3379117077425744, 5137.136976944494
1.3378639542275905, 4831.799301886172
1.3377206936826387, 4657.378470023791
1.3384369964073979, 5529.117979919483
1.3384369964073979, 5264.608124068556
1.3384369964073979, 5043.563210526732
1.338293735862446, 4831.799301886172
1.3387235174973018, 5806.917611988019
1.3390577921021896, 6098.674738879
1.3390100385872055, 5597.296446629624
1.3388667780422536, 5329.524971752457
1.3393443131920932, 6564.02433957933
1.339583080767013, 6136.16031566841
1.3398696018569167, 7064.8816956763285
1.3398696018569167, 6726.9017781354105
1.3398696018569167, 6444.459593093316
1.3402038764618045, 7419.842747835907
1.3402993834917725, 6893.820801338065
1.3407769186416119, 7986.001955827927
1.340729165126628, 7511.3353699168665
1.3405859045816761, 7240.187236113621
1.3413499608214194, 8387.242879440832
1.3411589467614837, 7986.001955827927
1.3411589467614837, 7603.956169532004
1.341923003001227, 8808.643362201383
1.341731988941291, 8387.242879440832
1.3424960451810344, 9251.21628141374
1.3423050311210987, 8808.643362201383
1.343021333845858, 9716.025404405298
1.343021333845858, 9308.078992274783
1.3436421295406495, 9957.115511471653
1.3434511154807136, 9597.678320075327
1.344167418205473, 10204.187945395543
1.344167418205473, 9775.745070066896
1.3447404603852806, 10457.391149574607
1.3447404603852806, 9957.115511471653
1.345313502565088, 10457.391149574607
1.345313502565088, 10079.894745138465
1.3458865447448956, 10716.877250829815
1.3458865447448956, 10266.908107919082
1.3464595869247031, 10716.877250829815
1.3463163263797513, 10330.013780667248
1.3470326291045105, 10716.877250829815
1.347653424799302, 10760.7466623049
1.3481787134641257, 10982.802150804662
1.3481787134641257, 10586.33918377383
1.348751755643933, 10982.802150804662
1.3493247978237406, 10982.802150804662
1.3498978400035482, 10982.802150804662
1.3505186356983396, 11255.32561963231
1.3503276216384037, 10849.024957125099
1.3510439243631631, 11394.112826896979
1.3509006638182113, 11118.22892475706
1.3516169665429707, 11534.611391926966
1.3516169665429707, 11118.22892475706
1.352190008722778, 11255.32561963231
1.3527630509025856, 11255.32561963231
1.3533360930823932, 11394.112826896979
1.3531928325374412, 11118.22892475706
1.3539091352622006, 11534.611391926966
1.3539091352622006, 11118.22892475706
1.354529930956992, 11534.611391926966
1.3543389168970563, 11118.22892475706
1.3550552196218157, 11820.827265157144
1.3550552196218157, 11324.506612367477
1.355628261801623, 11820.827265157144
1.355628261801623, 11394.112826896979
1.3562013039814307, 11820.827265157144
1.3562013039814307, 11394.112826896979
1.3567743461612383, 11820.827265157144
1.357060867251142, 11394.112826896979
1.3573473883410456, 11820.827265157144
1.3576339094309495, 11394.112826896979
1.3579204305208532, 11820.827265157144
1.3584934727006608, 11820.827265157144
1.3590665148804681, 11820.827265157144
1.3596395570602757, 11820.827265157144
1.3597828176052276, 11394.112826896979
1.3602125992400833, 11820.827265157144
1.3607856414198907, 12114.145200459936
1.3607856414198907, 11676.842417138398
1.3613586835996982, 12114.145200459936
1.3612154230547464, 11676.842417138398
1.3619317257795058, 12114.145200459936
1.3625047679593132, 12114.145200459936
1.3630778101391208, 12114.145200459936
1.3636508523189284, 12114.145200459936
1.3642238944987357, 12114.145200459936
1.3647969366785433, 12114.145200459936
1.3653699788583509, 12114.145200459936
1.3659430210381582, 12114.145200459936
1.3665160632179658, 12114.145200459936
1.3670891053977734, 12114.145200459936
1.3676621475775808, 12114.145200459936
1.3682351897573883, 12114.145200459936
1.368808231937196, 12414.741425956838
1.368808231937196, 11966.58756202742
1.3693812741170033, 12414.741425956838
1.3699543162968109, 12414.741425956838
1.3705273584766184, 12414.741425956838
1.3711004006564258, 12414.741425956838
1.3716734428362334, 12414.741425956838
1.372246485016041, 12414.741425956838
1.3728195271958483, 12414.741425956838
1.3734403228906398, 12465.561024541856
1.3739656115554635, 13038.495632845194
1.3739656115554635, 12414.741425956838
1.3745386537352708, 13038.495632845194
1.3745386537352708, 12567.825161572284
1.3751116959150784, 13038.495632845194
1.3751116959150784, 12567.825161572284
1.375684738094886, 13038.495632845194
1.375684738094886, 12567.825161572284
1.3762577802746934, 13038.495632845194
1.3762577802746934, 12567.825161572284
1.376830822454501, 13038.495632845194
1.376830822454501, 12567.825161572284
1.3774038646343085, 13038.495632845194
1.3774038646343085, 12567.825161572284
1.3779769068141159, 13038.495632845194
1.3779769068141159, 12567.825161572284
1.3785499489939235, 13362.028371518518
1.3785499489939235, 12722.796542633248
1.379122991173731, 13362.028371518518
1.379122991173731, 12879.67884532458
1.3796960333535384, 13362.028371518518
1.3796960333535384, 12879.67884532458
1.380269075533346, 13362.028371518518
1.380269075533346, 12879.67884532458
1.3808421177131536, 13362.028371518518
1.3808421177131536, 12879.67884532458
1.381415159892961, 13362.028371518518
1.381415159892961, 12879.67884532458
1.3819882020727685, 13362.028371518518
1.3818449415278167, 12879.67884532458
